$ANSIBLE_VAULT;1.1;AES256
66326639616462663730393561616565383735643861616432653339616536643438623034343965
3331396634383538353563366532626633633632363861360a376539643736376263353536616535
63623539326235383439653365616566343463666362616463396566616161323038363336626164
6633646438303131350a623736353434323438643766313030613565386235363862626131643938
30376533353662636438626466393865633032636362323531363165303139653139626232393563
64393037383865643165653438636565626434623364616336363461313661363566326231643865
34306436393933303733333139326631643034633037393639383238353961316463323463353332
65366639306137623337346630636430643537623031393832376638386234343830653735316463
33653763663961623931303638653632313739386336613930636238656335313361383565393966
32646133616365623934643266616337393363393030373762343332306232643764303762363038
36326565346137646530363730306462393264346564313764653933333137656334643063306539
39383266356463343266
